 'gamma' = [0.0009765625 0.001953125 0.00390625 0.0078125 0.015625 0.03125
 0.0009765625 0.001953125 0.00390625 0.0078125 0.015625 0.03125
 0.0009765625 0.001953125 0.00390625 0.0078125 0.015625 0.03125
 0.0009765625 0.001953125 0.00390625 0.0078125 0.015625 0.03125
 0.0009765625 0.001953125 0.00390625 0.0078125 0.015625 0.03125
 0.0009765625 0.001953125 0.00390625 0.0078125 0.015625 0.03125
 0.0009765625 0.001953125 0.00390625 0.0078125 0.015625 0.03125
 0.0009765625 0.001953125 0.00390625 0.0078125 0.015625 0.03125]

'C' = [1 1 1 1 1 1 2 2 2 2 2 2 4 4 4 4 4 4 8 8 8 8 8 8 16 16 16 16 16 16 32 32 32
 32 32 32 64 64 64 64 64 64 128 128 128 128 128 128]

'mean_train_score' = [ 0.8883288   0.88973253  0.89303395  0.9042594   0.91812535  0.94065726
  0.88973253  0.89187846  0.90128788  0.9171345   0.94172986  0.96450984
  0.8913008   0.89782103  0.91110912  0.93471435  0.95831988  0.97887104
  0.89584012  0.90599218  0.92629575  0.94915823  0.97136065  0.98745442
  0.90260832  0.91630891  0.93908858  0.960961    0.98167714  0.99265401
  0.90937583  0.92852412  0.95056128  0.97259864  0.98852757  0.99579072
  0.91928019  0.94098712  0.96137367  0.98151192  0.99298448  0.99793654
  0.93009232  0.95105653  0.9722682   0.98778479  0.99603828  0.99851437]

'mean_test_score' = [ 0.88478046  0.88940244  0.89039287  0.88940244  0.88643117  0.88544074
  0.88940244  0.89039287  0.89270386  0.89237372  0.88544074  0.88676131
  0.89072301  0.89204358  0.893034    0.88709145  0.88478046  0.8851106
  0.89270386  0.893034    0.8890723   0.88742159  0.88610102  0.88147904
  0.89336415  0.89270386  0.88808188  0.88775173  0.8827996   0.87982833
  0.89666557  0.88709145  0.88841202  0.88379003  0.87916804  0.87817762
  0.89270386  0.88940244  0.88808188  0.87982833  0.88114889  0.87520634
  0.88874216  0.88775173  0.88312975  0.87718719  0.87652691  0.87586662]

opt = {'kernel': 'rbf', 'C': 32, 'gamma': 0.0009765625}

Accuracy : 0.901474530831
